424.68
143.18
435.62
152.13
449.44
146.29
440.54
229.33
218.64
253.69
176.32
129.09
214.21
414.82
218.08
420.7
407.09
338.04
390.25
384.82
334.52
148.56
208.43
210.38
421.6
229.39
238.49
225.29
163.94
393.94
253.02
303.63
293.59
201.27
232.87
236.05
327.01
146.29
393.04
329.83
155.02
218.47
261.02
347.4
129.09
157.86
403.93
184.05
356.58
253.72
391.38
382.4
172.56
397.99
365.14
344.91
394.29
293.15
148.55
421.6
128.38
239.52
233.84
189.03
409.01
356.27
269.05
406.25
413.48
400.12
250.9
1080.0
129.09
431.46
239.92
416.3
142.05
331.42
307.29
230.64
245.95
221.72
221.3
142.67
1080.0
409.01
200.11
248.2
188.2
235.99
218.47
246.84
398.94
181.48
317.39
367.17
347.12
240.01
358.12
313.37
847.3
1594.91
849.02
1707.59
1263.2
621.02
1465.6
1500.02
791.38
1455.22
659.19
1562.3
1432.07
1582.08
1576.51
1525.64
807.88
662.1
1341.47
680.65
1712.84
1703.11
795.54
1188.36
737.43
1691.94
852.34
787.31
631.69
809.86
1586.8
1086.06
1022.86
878.85
1451.01
789.05
1161.31
1342.49
1564.58
867.52
634.05
1264.95
1250.54
811.44
906.38
1340.27
1631.86
1371.93
942.36
1576.08
886.87
1597.23
1258.13
1446.0
1404.45
803.63
1228.39
1332.0
788.99
665.35
1339.32
593.18
1137.14
1020.38
1591.62
1385.62
861.9
720.83
1709.87
546.14
796.67
928.34
893.7
1336.77
1412.79
1472.19
1564.96
753.24
715.55
729.3
1513.43
1396.25
926.74
1711.12
1020.29
1117.1
738.82
941.93
782.34
1445.32
1601.2
1311.67
875.58
560.35
592.59
1154.02
1016.33
748.61
754.7
947.82
1973.57
1593.61
1489.82
987.6
1569.16
1950.4
1103.42
939.22
1199.49
1657.27
1576.59
1278.81
1587.14
1126.55
1749.81
1730.02
1616.56
1097.13
1886.21
1600.14
1027.19
1333.78
1884.75
1469.25
1769.85
1465.31
1431.05
1162.11
1085.86
1629.89
754.04
1516.76
1125.52
1606.6
1043.62
1797.95
1143.21
1658.12
1767.73
1611.92
1149.2
1571.35
795.12
1651.02
1691.03
1774.39
2016.99
1852.19
1597.9
1775.29
1257.7
1262.2
1889.52
1593.37
1847.41
1102.19
1520.8
897.98
1575.76
1220.9
1511.59
1690.76
1796.0
1277.94
1616.64
1741.2
1710.8
1185.46
1508.31
1873.21
1614.23
1710.08
1437.42
1098.14
955.49
939.75
1767.07
1515.44
1574.69
928.07
1971.26
1106.45
1478.43
1990.47
1075.7
1945.12
1871.69
1125.77
1650.92
1179.13
1998.92
1831.04
1977.53
1932.7
1055.84
1503.54
905.05
1923.53
1437.76
1481.81
1406.53
1053.83
1324.94
866.11
1420.3
825.63
983.02
1416.54
1385.17
1481.06
987.68
1241.42
1256.09
1226.55
1230.31
901.12
1035.72
661.96
1113.43
1116.61
1481.5
855.82
749.42
1574.66
1580.22
1146.69
1234.74
1663.97
1173.76
1038.8
628.99
648.21
663.78
1717.53
1262.64
882.38
733.46
659.96
978.2
1041.78
726.2
916.62
1230.56
1301.92
990.43
992.05
1298.07
654.45
967.17
1167.45
1695.54
1077.7
650.04
1167.45
655.99
750.51
1368.74
1384.95
620.32
731.77
732.74
1155.89
1976.57
1367.88
632.12
1630.83
1506.97
870.55
753.59
1185.6
1010.71
1149.09
1383.4
1364.76
1262.29
1116.89
1401.59
630.35
751.89
1268.87
812.1
973.94
1326.19
577.01
1185.64
712.5
1674.76
554.61
935.03
1314.58
649.34
1013.71
666.42
1402.11
1766.91
1090.72
1578.26
787.47
1073.49
1676.33
1097.43
792.18
847.42
1100.59
761.97
481.58
954.36
933.23
1080.0
1104.2
634.63
983.46
794.45
1050.44
794.76
657.71
1175.81
577.67
1414.19
513.79
1080.67
477.04
860.83
915.62
656.62
702.75
1301.83
874.16
438.57
1325.73
425.75
760.08
1069.65
1120.03
714.81
1622.84
876.8
797.57
755.66
978.47
1101.71
878.5
605.2
663.57
646.94
1088.7
629.67
859.11
1108.91
724.84
309.86
327.94
344.3
679.42
1202.67
559.89
795.04
754.05
456.59
905.81
798.03
784.09
950.49
758.69
1139.82
489.48
823.66
1111.11
1206.99
360.41
742.42
940.15
1098.6
1124.21
741.77
781.4
1092.69
1022.21
785.27
387.02
582.29
718.97
332.97
352.79
749.69
640.0
1160.13
935.97
749.75
1028.18
494.24
617.79
346.05
779.36
335.47
349.12
1093.74
811.15
769.4
756.52
981.87
947.13
651.33
324.27
986.94
324.92
776.45
600.29
946.46
636.33
963.98
760.05
630.2
444.28
342.62
774.93
741.65
1133.38
954.7
457.58
960.91
765.34
1134.04
414.42
653.63
482.5
649.85
798.57
790.89
392.87
663.72
965.51
770.08
649.48
324.63
802.82
1011.54
347.63
975.72
623.22
939.01
1078.6
805.2
317.07
475.42
336.25
1120.89
971.35
387.75
776.84
1423.83
1152.97
1377.61
1444.99
1330.04
583.29
776.09
643.17
1113.74
1419.06
832.7
1514.4
893.36
646.25
1407.41
776.82
705.6
632.77
946.67
1405.37
588.83
627.75
781.97
1521.4
1272.1
768.71
1489.83
762.83
1190.46
647.76
732.25
1046.61
615.65
657.71
803.35
1421.76
1358.89
970.33
1123.73
1230.24
1500.86
862.38
1056.65
1509.81
834.78
1438.29
1518.69
1238.08
839.75
1401.68
1480.16
637.35
1573.81
1468.08
625.39
1410.02
765.48
628.0
787.52
1386.63
757.36
1118.2
1332.2
1550.26
1416.4
669.05
1020.43
1414.31
1437.86
634.2
1544.56
591.35
1442.67
595.53
891.27
1412.79
1214.84
633.4
1467.44
1046.05
701.45
653.39
859.5
1454.63
880.65
644.62
1433.19
1497.01
865.33
1451.03
578.63
934.85
638.77
1026.96
969.58
1160.34
629.62
1343.56
1518.47
731.66
1881.65
2060.93
1942.16
1849.57
1792.18
2052.83
1949.83
2023.31
1970.48
1961.7
2033.43
1960.09
1870.83
1971.51
1887.25
1941.53
1855.29
1867.84
1899.83
1173.99
1180.18
1878.32
2071.17
1937.83
2015.35
1925.11
1986.35
2049.39
1768.51
2010.75
1843.04
1601.02
1969.46
1988.42
2013.31
1802.62
1871.43
1980.2
1989.94
1773.68
1812.72
1985.03
2004.53
1811.31
1832.73
2001.07
1857.33
1807.82
2073.66
2076.58
1920.12
2005.81
1972.25
1968.05
2034.0
1865.55
1981.5
2079.25
1896.35
2001.18
1822.49
1798.5
1789.63
1992.85
1958.7
1848.51
1969.42
1779.8
2043.07
1891.81
2099.72
1986.35
1901.4
1988.06
1855.63
2063.66
1885.21
2008.26
1942.01
1909.41
1938.08
1808.85
1810.96
2002.77
2000.63
1928.48
2016.23
1747.8
1889.9
1992.1
1891.88
2028.12
2005.39
1881.9
1922.43
1794.31
2038.19
1920.96
1828.56
1956.04
1332.5
1207.24
915.4
1831.94
1491.34
865.17
1227.74
1256.8
630.35
1195.19
2097.17
1536.0
1875.09
1709.79
1478.13
1911.8
1661.0
1814.21
1779.01
1363.95
1387.98
2087.65
1794.87
1804.46
1462.52
1445.3
1616.4
858.7
1902.11
1400.81
1713.3
1556.32
1834.11
1129.31
1534.51
2014.1
652.02
1812.59
1699.71
406.01
1996.79
1970.1
1137.89
791.39
1310.93
1666.66
1872.16
714.91
1612.75
1452.51
1486.33
1690.3
1192.06
2053.54
1599.34
1107.32
1577.86
1936.37
1221.18
1871.14
1292.84
1145.68
830.87
173.56
1360.72
1284.3
1230.64
1979.23
1349.14
855.02
1446.9
1388.01
1382.13
421.11
1507.85
1629.78
1366.69
1734.42
655.45
1668.89
1198.54
946.99
1487.68
1722.26
741.05
1516.0
1439.58
1666.5
990.26
1724.33
2051.6
893.2
1254.61
1347.22
1468.83
1762.64
1802.02
1275.66
1115.93
1321.07
1198.65
1780.69
1602.11
1776.75
1882.61
1872.31
1837.81
1787.15
1319.81
1707.58
1326.3
1401.19
1145.35
1460.8
1353.11
1260.01
1429.79
1409.06
1277.89
1594.39
998.42
1623.52
1806.61
1193.34
1244.8
2093.84
1165.74
1664.35
1609.09
1860.49
550.69
1392.41
1330.63
1129.02
775.88
1449.87
1112.22
1231.94
1752.94
1245.49
833.0
1320.84
860.25
1843.07
1046.77
1989.22
1878.34
1113.29
807.63
1711.05
1563.02
1590.24
1878.19
2081.81
1403.58
773.77
1676.8
695.47
1032.65
1855.82
1818.74
769.1
781.75
1333.97
1602.81
1161.77
795.19
1726.19
1585.33
2000.99
1798.85
1864.18
987.08
1863.47
948.07
1414.19
1297.9
1902.88
1719.47
1728.64
941.71
1840.61
1829.19
1582.95
1618.99
1391.12
600.1
1136.59
774.57
1417.59
1927.31
1951.6
1263.73
1462.89
1142.59
1725.64
1745.81
1752.2
1304.33
1624.58
1468.39
1366.65
1903.45
1619.17
1024.43
1664.52
1355.13
1483.35
1675.75
1918.23
1480.12
1592.59
1760.29
1500.24
1589.43
2152.24
1724.06
2057.32
1538.88
957.87
1120.57
2086.87
1990.63
1996.73
1397.68
1735.12
828.93
468.69
1408.29
1512.72
1208.69
958.86
1175.44
1919.53
1928.37
1647.11
1819.4
1913.0
2005.38
1749.06
1535.42
1395.75
1795.53
1534.18
1990.49
1615.54
1270.19
1918.47
1777.78
1861.81
615.9
860.97
1879.4
1598.33
1751.77
1981.84
1642.11
1877.45
1604.05
2010.79
1235.57
1817.52
716.87
1270.11
1661.4
1749.15
1490.44
1514.06
842.25
1792.48
1710.75
746.11
1575.17
1796.45
730.93
1256.26
1622.06
1829.75
1732.36
1469.59
1064.65
1055.27
996.12
1472.14
1427.74
702.7
1780.34
1133.17
1110.57
1901.91
1521.9
1046.05
1820.97
1236.92
1151.99
1564.85
633.53
1267.07
1334.61
1728.61
772.32
1307.05
988.68
1877.35
1434.03
1484.34
1757.23
1794.17
869.43
1876.34
1717.05
1052.12
1162.46
1685.09
1588.3
1182.59
1690.2
1729.19
1650.63
1545.83
1449.87
1716.56
689.4
1372.13
1325.57
1628.23
1100.19
1625.99
1812.96
924.78
1487.38
1215.98
1873.9
1653.12
1352.96
650.93
1132.8
1840.81
1656.93
922.84
1863.28
1450.79
1225.48
1765.18
1486.85
1446.55
579.94
1042.2
1794.76
1725.6
979.39
959.18
1832.54
1057.76
1337.22
1756.71
1582.85
1497.79
841.3
1874.6
1507.88
1730.76
1827.15
1318.82
1516.79
1545.54
1911.27
713.44
1709.75
1698.72
1591.86
1481.89
1795.33
937.96
1581.91
1364.15
1892.22
1956.2
1529.76
1594.3
1345.76
1831.16
1646.95
908.75
1070.59
1264.42
1386.43
1502.17
1791.45
2095.83
1466.5
1278.49
1266.54
1312.02
1544.25
1197.03
1992.73
1694.43
1748.01
1269.79
1659.3
1637.6
317.12
2029.15
1388.01
1670.68
1641.02
1910.92
1897.33
993.06
659.92
1206.52
667.15
1749.27
1774.41
1822.99
417.15
1352.97
1733.0
1530.36
1579.32
1447.6
1172.58
1826.9
1063.78
1511.51
1647.46
1479.22
1983.33
1692.01
720.14
1595.06
616.44
1593.98
1839.16
1731.38
842.57
1483.95
1240.32
964.03
1667.46
822.2
1654.15
1666.89
1639.95
1926.03
1812.57
1495.59
1168.41
1144.47
1670.99
1275.54
1615.53
1434.49
759.67
1186.06
1325.77
1113.25
1870.14
1398.56
1915.76
386.51
1733.68
1477.36
1879.32
1655.06
475.29
782.74
1847.66
645.05
957.96
1479.47
1452.48
1662.94
1327.85
1828.94
1321.1
1823.38
814.22
1470.18
1523.37
1211.89
1474.72
1622.29
1647.03
451.07
1145.35
840.05
1437.11
1574.84
1112.39
1170.06
932.71
1241.1
1061.43
1599.44
1857.24
1920.44
1968.46
1320.07
1936.97
1832.35
1007.31
1245.18
1001.89
1154.87
1495.8
1150.1
1782.63
1855.57
1493.57
779.02
1656.3
1242.97
1745.01
1690.61
1886.03
1145.41
1794.61
842.57
1528.32
1267.9
1089.61
1645.64
1352.46
1615.64
1866.37
853.14
1361.76
1516.16
639.17
1600.32
1351.21
880.08
1934.96
1511.44
2083.11
1222.78
619.66
942.09
1499.82
1904.52
1771.9
1734.52
1326.89
1334.41
1695.77
1579.06
1363.82
1443.23
1890.36
1388.01
1595.76
1406.95
1648.0
1860.37
1779.48
1853.1
1258.96
1153.62
884.98
1476.74
1579.67
963.6
2001.23
1471.66
855.17
1626.54
1988.07
1398.44
1146.37
1018.75
1390.14
1263.57
773.22
1341.24
918.5
1441.09
1166.9
1237.22
1606.27
966.52
1240.44
1188.75
1112.37
1405.97
1724.07
752.92
1698.23
1218.44
409.0
1472.92
961.82
1415.81
1201.49
1638.64
1224.73
1355.97
1451.9
1731.53
1158.69
1618.77
1214.44
1622.42
1886.47
2030.56
1693.74
1164.86
638.82
1741.79
1484.03
1484.25
1402.16
1629.58
1865.92
1475.08
1080.0
1513.86
1116.12
2072.06
1798.65
1894.88
1133.33
1357.51
1375.38
1640.58
1432.11
756.78
1842.76
1468.72
1742.07
1356.98
794.84
1674.13
1869.54
1303.13
1905.45
1545.52
1527.59
744.57
1488.63
2077.88
1323.2
1615.59
1960.41
1704.19
1437.33
1756.57
1470.3
1527.96
1545.22
1460.34
1600.29
2089.33
922.76
770.46
1898.73
1429.88
1280.6
424.06
1388.25
798.7
998.54
1749.37
968.57
1499.29
1758.29
1756.64
1420.82
1782.33
1355.53
1148.12
1369.13
1833.2
1559.76
1645.89
1594.88
1386.86
1120.07
1532.29
1486.71
1215.27
1475.72
1645.49
1587.41
1215.12
1680.58
1560.89
1679.34
1772.23
1401.19
1942.43
1473.6
1827.6
1056.64
1997.74
1728.95
1966.84
1297.06
1089.38
1825.32
1724.51
1513.39
1069.46
1262.54
1819.68
1525.02
1562.53
1331.1
344.24
1591.66
1113.25
949.41
1144.78
2147.93
1295.69
1372.38
1687.96
1100.97
662.47
1320.44
1470.34
1406.12
1569.87
1006.56
1030.66
1506.43
1450.03
1486.37
1351.07
1906.92
1416.68
1219.1
968.06
1485.96
1741.62
1602.17
1425.99
1507.17
727.45
1474.67
933.26
743.0
1319.23
1538.65
1622.13
1864.52
1254.93
1700.54
918.18
1618.63
1779.34
1125.61
1897.4
1226.06
1897.8
714.37
584.09
1478.71
1114.98
1813.64
1262.56
1822.19
1461.15
1546.76
1643.18
1182.18
846.92
1823.06
1703.57
619.51
1207.07
862.88
1147.66
883.76
1475.26
1482.99
1562.77
1902.81
769.39
669.85
775.88
1329.35
1047.03
1587.36
953.84
2163.71
1624.4
339.93
1503.76
1254.6
660.05
1187.99
1441.36
848.07
1859.89
1712.56
1782.05
1021.14
379.72
1523.91
1129.11
1434.59
1570.65
1199.11
1658.91
436.88
696.62
1679.86
1685.02
734.73
1042.23
1204.78
1458.76
1469.66
1404.61
1854.55
461.65
1351.84
894.57
1669.0
1658.94
1757.09
1668.31
1476.65
1884.78
1374.77
1812.37
1238.82
1610.07
744.3
1383.56
1306.46
826.61
1566.82
1713.26
1543.33
1668.51
1386.19
1659.84
1490.11
1164.49
1318.95
1239.63
835.65
1770.88
1621.24
1705.09
1357.1
2013.97
1836.61
1792.14
454.92
1181.52
1192.66
1994.48
1486.82
1108.99
1519.1
962.15
1880.5
1705.48
2099.93
1589.43
1423.3
1082.06
1936.26
1738.9
1080.0
1299.24
854.55
1329.36
1529.61
1389.12
1701.91
1676.46
1486.38
1738.8
1269.75
1151.75
1443.77
1498.87
778.64
1490.85
1498.99
1030.9
630.25
841.3
1415.94
989.8
1600.27
999.93
1818.79
1689.83
688.38
1513.61
1474.75
1427.89
1389.7
1334.58
1757.85
1511.66
1804.4
2085.31
1986.96
1506.89
1394.94
1129.81
1456.16
1429.4
1746.86
1771.19
622.69
1867.15
1802.59
1834.52
1714.54
1300.92
1384.9
1111.42
1250.68
1741.38
722.94
413.91
1055.41
587.37
1313.85
1047.64
847.49
673.11
887.93
1628.96
1367.91
666.54
981.27
1608.83
896.71
1731.81
1756.94
1464.81
1764.74
406.84
1484.56
1400.64
952.38
1310.31
1098.01
1216.73
1949.7
1333.16
1551.89
699.89
2022.95
1249.88
1924.16
958.07
1434.19
1356.83
1661.47
789.96
1455.35
370.02
1416.26
1695.44
1888.81
450.64
1750.46
691.61
1134.92
957.87
1178.89
1682.13
1417.59
1542.8
1540.25
878.87
706.06
1158.36
1920.21
1733.96
1154.69
2014.86
1870.28
1614.58
1238.68
1578.6
1477.25
669.24
1650.02
1153.62
1663.62
1312.88
1570.94
1655.83
1484.67
1302.9
1651.76
1672.87
1615.43
1500.88
1205.88
1594.57
1805.48
1150.5
1657.84
1140.46
970.36
1668.6
1594.41
1896.68
986.26
1167.71
1107.5
1096.34
1836.83
1248.23
1926.11
677.78
1380.39
1473.92
1277.1
1394.41
1768.76
1903.62
1580.5
1222.01
1274.88
1787.55
2078.64
338.15
1997.86
822.63
1044.86
1726.36
959.0
1432.27
592.99
1834.7
1478.86
1923.07
1848.53
1250.19
1684.28
1507.1
1929.79
1591.96
1402.29
903.63
855.0
1631.03
823.1
1666.44
1307.31
1369.07
2110.07
1602.38
1253.3
1518.74
1143.27
1776.24
1766.26
1904.2
623.82
977.03
1042.82
1501.12
1782.6
1719.74
1488.32
1876.61
1633.28
1509.49
1685.51
1759.82
1495.72
1968.17
943.22
1420.28
1025.54
1813.95
1720.95
1755.87
647.19
1355.49
792.1
1219.06
1254.6
1208.19
503.75
1453.35
1369.9
1687.51
1224.0
703.49
1159.88
1649.44
615.65
562.61
1607.4
1760.1
1262.42
1691.54
1646.27
1770.98
1680.28
1666.91
1564.76
1371.33
1749.9
1603.11
1271.77
750.26
1158.69
1111.19
1556.57
626.32
1530.73
1906.52
1712.48
1387.98
1494.68
914.54
1713.31
2068.93
1400.92
1144.2
1817.78
1215.37
1396.77
1351.15
1591.88
974.82
1189.77
1830.45
1823.13
1866.58
1291.45
1639.57
1822.17
1712.12
1899.65
1703.44
1662.56
1738.06
1320.76
1767.01
1292.09
1617.99
1309.1
1521.99
1456.42
1476.66
867.16
658.86
1771.82
1613.76
1193.58
1129.13
1122.65
1508.1
1244.26
618.0
738.71
1522.37
1685.83
1549.75
1399.71
1946.85
1915.24
2032.51
1229.11
1540.6
1040.86
1235.38
934.13
1788.22
672.29
1579.3
1133.92
1666.66
1870.25
1293.58
1604.24
966.64
1502.2
1713.96
513.0
1438.7
1212.0
1455.23
1410.3
1604.21
744.05
1412.65
1617.07
259.66
747.18
1929.39
1518.61
880.36
1136.55
1799.38
639.47
686.13
1675.3
1653.82
1762.26
1917.46
1902.81
1283.19
1447.91
1236.03
1839.07
1732.37
1614.51
1520.12
2043.19
643.55
1721.8
1400.15
1506.46
1511.2
919.28
1252.85
1519.18
1428.17
862.97
1422.48
1904.89
1529.61
902.86
1478.02
1385.79
1675.98
1890.13
1835.1
606.03
283.32
914.92
1592.47
1713.07
1868.28
1620.91
1552.89
1832.93
1728.8
1720.84
641.87
1755.82
1840.86
1556.78
1760.55
1920.13
1415.35
1881.12
1488.24
1276.84
1458.89
964.61
1686.44
1530.07
1756.28
1192.7
1396.52
329.68
1783.88
1417.31
1392.36
640.35
951.56
1734.44
1609.33
1715.4
944.11
1815.39
1400.37
756.72
1720.81
1261.91
992.12
697.72
1297.59
1950.86
2019.8
1459.88
736.26
1170.09
1185.94
983.05
1682.13
1323.3
1370.94
1338.5
1494.16
1403.48
1856.57
878.8
1382.35
1794.41
1667.25
443.91
1912.99
1416.33
2055.33
1792.84
960.45
1159.57
691.16
1699.92
1651.25
823.43
1094.98
1675.1
607.25
1023.67
910.13
1731.36
1531.19
2051.77
867.78
1141.49
1246.32
1588.29
1963.5
674.73
1798.95
1365.39
1374.43
726.35
1673.29
1483.35
1933.29
1716.92
704.81
1657.04
1185.53
1783.39
1309.9
1678.05
1760.36
750.2
1197.92
1135.99
902.62
1456.1
1661.95
1860.0
1481.49
1410.34
1569.43
1252.91
1375.09
1397.56
2018.06
963.54
1801.99
1600.36
1718.5
1512.85
982.3
1460.44
1896.46
1448.06
859.64
1594.97
1495.53
2024.2
1672.74
1526.97
1758.23
1417.31
1487.36
1680.04
1839.81
1178.28
1577.63
885.8
1754.8
1823.25
420.07
1616.86
1836.3
1849.25
1118.42
1442.02
794.35
1289.27
1850.54
1172.69
1759.53
1234.27
673.0
1523.37
1614.52
1373.04
1749.95
1251.79
500.22
909.29
1768.63
2022.25
1703.43
1647.94
2039.3
1319.92
1739.34
1691.92
1608.48
1300.03
1484.51
1486.98
1702.87
1108.82
1410.86
1521.38
1155.61
983.8
684.87
1732.99
1245.39
1464.48
937.32
1177.2
1478.03
1593.86
1039.54
1326.7
1716.26
710.85
1899.55
1080.27
848.56
1694.25
1015.8
1730.26
1910.84
1082.17
1812.98
1863.17
1909.2
712.39
406.24
953.89
1627.29
1720.4
598.38
1765.59
1789.55
1336.18
1606.87
841.1
756.53
1746.08
790.41
155.37
1293.2
1928.39
1625.26
1613.59
1899.04
1762.39
2005.12
1659.21
1380.42
1258.26
1760.78
883.64
1518.15
1469.59
1711.82
1204.95
1651.63
1210.3
1509.21
1578.14
1582.92
1445.66
913.11
1792.45
1267.94
1721.86
2051.78
765.14
1832.07
158.2
1940.3
1381.62
1691.28
1697.35
1118.6
1732.57
1972.74
1680.65
1590.53
608.95
1523.78
1712.21
1267.23
1080.0
1769.78
1144.48
1857.83
1589.64
1280.43
283.46
1865.03
390.5
333.5
1277.15
853.41
1836.77
1820.5
1523.36
1831.07
1553.32
1487.28
1530.52
1101.11
793.71
1664.39
1221.28
1748.42
1427.42
1538.15
1674.77
1660.57
1487.93
648.16
1477.28
1498.64
1732.96
980.69
649.36
1181.2
1136.09
1352.44
974.98
1453.06
1697.87
1860.07
814.15
1827.1
899.31
1973.1
1889.26
1476.39
1217.36
1522.33
882.5
1859.58
1291.58
873.13
1604.92
1044.98
861.58
578.97
1005.41
590.34
1847.87
1841.8
1637.8
1263.95
1090.68
458.27
1538.09
1688.41
1160.25
405.97
1674.58
1675.37
571.47
1316.42
799.64
1040.35
1277.72
1988.78
922.21
379.94
1265.18
1903.48
1512.98
1838.91
1839.58
1293.49
1659.57
1832.12
1270.41
913.01
1043.1
1779.54
1316.35
1585.18
973.93
1477.17
2083.65
1432.72
1202.28
1821.1
1847.75
1331.18
1666.55
1483.46
958.31
1921.13
1361.41
1245.15
1517.31
1762.66
1505.6
439.45
1530.62
817.3
1037.76
207.93
1698.84
1890.05
1712.51
1191.07
1286.09
1692.43
1803.35
1684.64
1080.0
1457.38
763.38
1842.52
1843.96
1050.56
1783.52
1242.41
1655.46
1872.43
1620.18
632.76
883.75
1499.94
1858.82
1363.71
1236.49
1370.03
1396.16
1152.07
1811.19
1516.02
1868.69
1524.58
953.8
1846.0
1575.79
1645.96
964.77
1574.29
1080.0
1033.52
1423.7
1627.21
1514.29
1512.73
1906.01
1190.85
770.49
952.68
1763.97
1727.13
1702.47
1366.24
1168.4
1303.0
704.76
1940.01
1162.69
1922.96
1065.29
1675.43
642.75
1382.01
1233.35
1092.54
414.54
1655.2
1764.54
619.75
1144.92
2023.19
1850.78
1075.1
1888.2
1512.73
1599.46
1695.09
1481.57
2101.09
950.8
700.89
1890.43
1676.76
1217.99
1904.05
2153.01
1499.69
1647.22
1602.17
1400.05
1162.77
1238.29
1296.92
1553.96
1487.04
1935.29
1508.27
1586.05
1372.67
1653.34
1250.33
1830.98
1049.27
1399.42
1423.17
1559.87
2106.39
584.32
1141.78
1420.58
1931.15
1769.22
1104.19
1940.7
1629.25
1648.81
1840.49
919.47
857.92
1797.81
347.12
1870.48
1915.69
1898.1
1727.96
1351.86
1501.44
1498.26
1873.4
734.92
1612.85
1124.26
1210.57
1950.68
1312.25
1240.53
1451.2
1652.98
1639.04
1499.95
1598.61
1355.53
1900.89
895.79
1349.31
1135.11
1111.84
695.53
654.68
1042.23
1598.08
1080.0
1336.16
743.52
1506.17
1184.77
1892.62
1529.42
1884.25
1515.34
1328.03
1651.4
1857.43
1193.41
571.04
1174.79
1832.01
1610.43
1916.3
1849.54
685.15
363.97
1854.08
1152.93
1788.22
922.52
1847.69
945.74
1588.55
1122.51
1018.49
1247.51
1352.84
1938.28
1274.87
2067.32
1498.8
1448.15
1638.16
1754.18
1907.95
1746.94
1580.38
1080.0
2052.75
1129.2
713.33
1399.67
1230.54
1610.66
866.45
1279.41
1168.38
1630.54
1617.26
1767.61
1357.49
1461.34
1589.15
578.41
1682.59
1576.33
1839.27
1868.52
558.73
609.09
1688.83
1865.3
1197.53
1864.85
809.24
1161.9
1362.61
749.74
2121.32
1428.11
1157.61
1845.72
1815.11
1461.38
987.64
765.49
1466.57
1590.68
1794.08
1499.7
1764.61
1577.85
1125.41
1829.39
1637.07
1371.82
1791.18
368.43
1737.98
1456.31
1638.64
640.12
791.81
1881.38
1768.99
1267.63
879.78
1564.37
1819.82
1655.46
1271.01
1635.2
1701.55
1210.31
1637.89
1610.34
1498.27
1122.69
1293.26
903.64
1721.38
2073.08
1441.59
1883.7
2078.11
1828.75
1569.41
1461.43
693.2
856.28
1477.29
743.39
1496.61
1450.1
1801.31
1016.41
1819.01
1714.94
1590.73
1724.25
1355.46
1774.97
736.26
1081.71
685.88
1388.28
738.97
1872.13
1830.19
2072.33
1675.62
1349.62
1091.52
468.82
861.84
1724.13
1471.93
1616.31
1062.78
971.73
1363.32
1301.92
1457.32
882.14
961.52
1683.32
1464.6
1988.27
942.01
1225.16
1080.0
851.18
1784.4
1337.6
1805.62
1375.61
1627.11
1513.52
1793.02
1841.38
1123.79
1860.07
1489.27
1610.38
947.31
1080.0
1773.65
378.4
1857.18
1791.27
1083.78
1504.73
973.45
1763.27
1215.65
1464.57
1486.05
1542.82
673.35
1688.73
1661.4
1616.31
1009.92
1039.11
1875.14
727.89
1736.29
1919.63
979.82
1445.6
1962.75
1548.82
777.73
1822.03
1124.65
1270.96
1383.1
1869.57
995.66
1330.17
1940.69
1669.29
1135.03
1619.69
1674.99
1381.81
1038.75
1434.16
1189.82
744.05
1254.89
1493.53
383.29
1641.02
502.0
1511.38
1232.6
1728.1
1844.7
1653.86
1434.49
1560.65
394.07
836.93
1599.55
1859.23
1113.87
1630.16
1890.71
1622.69
1470.94
1453.03
1171.39
1581.73
482.42
2133.48
1445.09
968.6
798.85
671.24
1903.55
1416.97
1439.01
1898.28
1787.95
1351.94
1619.72
1518.36
1125.15
1807.51
1659.82
1607.9
1482.78
1489.98
1881.89
1498.93
1709.08
978.91
971.69
1760.18
1732.15
1331.58
1046.49
2040.33
1455.56
1528.2
1605.11
1511.96
1482.72
1087.45
1575.14
1310.69
1892.45
1220.08
1772.94
1688.19
1551.79
2099.92
1319.13
1455.56
1663.97
1595.41
1425.5
988.16
980.43
1699.99
1492.23
1853.63
1619.49
1288.85
1098.6
1154.51
1145.06
1869.82
1404.61
1222.2
1851.77
1324.81
1671.76
1926.38
1778.28
1612.33
1653.8
1567.72
1209.82
556.75
1618.19
2016.15
1778.13
1875.54
2160.54
1742.4
1802.12
1310.49
1030.89
1283.63
1773.29
1603.45
1599.69
1205.68
1637.75
1667.67
819.22
1793.33
1377.32
1882.35
2117.91
1237.48
933.59
1388.41
1797.56
1632.65
1679.94
944.75
1933.17
1776.93
1845.91
1269.75
1594.15
1946.35
479.31
568.32
1421.46
822.17
1333.01
1196.05
1772.64
1155.53
1182.76
1161.18
1234.86
1681.81
1643.9
1295.01
1155.69
1759.25
1593.11
1506.35
906.96
1915.07
1507.8
1522.84
1309.04
1470.76
1760.54
1343.71
1080.36
377.37
854.96
1631.97
904.5
1415.38
1564.35
1627.34
2088.84
1796.35
1838.33
1652.69
1765.53
1354.0
1887.34
1462.19
1576.75
1859.23
1931.45
1355.22
1742.93
1613.47
1616.62
1839.76
1091.26
1366.39
1980.53
2026.47
1355.22
1003.85
1689.07
1948.65
1490.52
1634.32
1605.84
1811.84
993.16
1668.02
727.89
1214.39
1581.81
630.64
1582.43
1640.95
1872.72
1843.09
1676.46
1174.54
1140.38
1192.29
1920.75
1867.43
1506.4
1701.39
1330.84
967.43
1657.94
1200.9
1628.86
1222.13
1517.24
1857.45
1901.35
1937.62
1518.68
972.91
1831.65
1150.74
1591.24
1344.83
1783.37
1232.41
984.34
1209.09
1719.56
1080.0
1601.73
1008.54
1662.86
1718.48
1809.95
1941.72
1786.85
411.87
1388.68
1135.95
1331.28
2114.17
741.3
1601.84
1843.47
1175.76
1298.63
1836.54
1769.85
1496.53
1659.85
671.16
805.27
1168.45
1589.09
1593.02
1395.75
1588.98
1412.65
1557.67
1607.65
779.02
1569.83
1787.5
1880.38
1882.48
1828.22
1528.24
898.75
1246.94
1563.48
853.29
1400.86
1488.87
1557.53
937.91
1670.62
1883.31
1080.0
1761.27
983.8
971.54
1731.39
1285.87
1790.79
1818.27
1614.42
871.61
1465.35
978.41
1334.02
1571.52
1098.49
1648.35
1568.69
1086.62
857.63
1421.92
1039.51
1867.0
1305.86
1268.34
1772.43
1434.96
878.57
1192.36
1524.22
900.26
643.63
619.52
428.95
1337.53
1823.3
671.29
1611.25
1521.69
1720.73
1537.78
1787.22
1923.54
818.36
1441.52
2092.97
1589.46
1597.85
1331.74
1272.82
1659.98
1311.95
1230.52
1018.26
1616.45
1731.51
1465.88
1201.99
1674.36
649.05
1155.85
954.92
1661.63
1031.13
1435.15
966.44
963.38
1418.74
1101.38
829.29
348.36
1698.03
958.47
855.65
1869.16
773.49
1933.35
1393.7
1614.68
1829.86
1331.61
815.08
1789.06
2042.14
1784.54
660.58
970.29
893.23
1676.47
592.91
1479.69
1656.66
1395.82
1899.12
1075.78
1046.7
1783.3
1548.3
1930.47
1972.58
1484.24
1661.01
1705.46
703.53
1598.46
826.17
1729.66
1093.55
316.01
796.41
1290.37
1705.69
1874.84
1022.3
1353.3
1314.38
819.6
1366.0
1737.04
1404.81
1609.34
1879.36
750.3
1618.99
858.03
1812.23
1160.87
1246.87
1024.66
1887.7
1418.07
1296.97
1949.53
1405.01
1213.81
1877.09
1649.41
1604.64
1966.81
1756.72
1170.27
1504.47
1395.06
1668.29
1204.83
1736.15
1275.79
1621.54
1659.3
1766.35
1734.31
2148.07
2011.59
749.2
1471.5
1713.8
1475.61
712.44
745.52
1163.51
1998.4
1325.08
1413.29
1812.59
957.44
1633.01
1603.78
1745.93
565.09
868.21
1781.88
1773.25
1060.31
1136.51
1914.25
1763.32
1714.06
1795.16
1184.75
569.76
1906.91
1410.82
1259.21
2141.14
1505.64
1782.46
1240.94
1704.45
1755.88
1928.16
1773.6
849.8
1649.09
1282.95
1502.1
1898.68
1461.97
1718.45
1305.45
1811.77
827.81
776.91
1178.96
1324.28
1777.24
1086.76
1836.86
1288.0
1407.38
1491.39
1460.79
1410.51
1217.69
1822.82
1892.0
1359.68
870.82
1096.58
1434.77
2025.52
834.41
1794.12
1338.0
2099.34
1457.81
1868.07
702.41
1606.71
1390.78
1023.42
1491.69
1169.16
972.78
1600.79
1218.21
1723.99
1629.2
1216.01
1685.02
1469.61
1538.46
1333.97
2155.92
1498.09
1458.08
1150.57
1224.54
1956.64
1620.16
1605.96
711.34
1436.68
1757.12
1670.41
1790.88
2031.57
882.85
1573.67
1737.02
1692.29
843.84
1176.94
651.66
1512.99
1596.83
1484.63
1226.07
856.88
1037.42
1792.6
1113.01
1589.73
1727.14
1520.47
1768.06
1331.25
1883.65
1613.17
1632.77
1759.91
366.07
1306.24
1109.21
1758.03
1866.06
451.93
1294.92
1330.18
1759.56
1888.66
1289.67
1879.32
1858.95
1031.8
1524.5
1884.57
1614.39
1594.64
1478.91
1195.29
1892.36
1451.4
1287.22
1440.71
1723.83
1267.28
710.6
1388.86
1930.47
912.83
1482.9
1603.62
1340.14
1423.7
905.79
740.59
1703.0
1653.37
1202.06
1145.96
1887.67
1507.41
1750.63
645.67
1559.42
713.97
1235.36
1379.23
835.02
791.48
1538.15
693.78
1810.18
1324.8
1274.88
1828.49
1321.64
1475.22
1462.13
1332.87
1284.32
1297.55
1304.15
1396.06
952.86
815.14
838.75
570.04
2006.58
1673.19
1321.79
1184.63
466.22
1141.1
1412.24
1460.87
1288.9
2160.32
1220.47
1393.6
1579.26
1868.19
1781.0
1639.87
1657.82
1417.44
1796.48
1843.22
1420.45
1612.18
1397.83
756.61
1702.38
1277.11
1137.49
1847.78
2005.94
1781.52
1211.5
1683.2
909.33
864.71
1852.07
1215.84
1640.41
408.98
1443.41
1795.78
1000.58
1588.12
1675.15
1895.28
278.63
1295.73
1960.45
1910.99
746.82
1280.54
1606.02
1867.69
1697.57
1972.16
1279.46
1513.53
741.44
1507.03
1015.65
744.58
1361.6
237.78
1963.67
687.78
683.77
1527.59
1326.8
2083.49
1218.51
1859.7
1922.26
918.47
1859.5
1570.52
2075.9
727.02
1080.0
1610.25
1734.42
1589.88
1080.0
1692.93
2155.51
1202.77
1184.43
841.84
1760.39
1810.4
1626.51
2026.66
1650.51
1537.37
444.37
1191.08
1760.43
1982.16
1706.79
1832.23
752.41
1614.51
1447.4
1949.29
1312.66
1375.19
1615.0
1704.04
831.9
1766.63
1309.58
1543.81
1737.7
1363.93
1312.1
1491.09
1928.3
820.5
894.26
1956.24
1763.45
514.03
1590.51
1627.29
1488.84
1833.15
1821.99
1051.49
851.03
1667.44
1540.64
1594.83
780.85
1482.72
918.44
1507.37
1318.1
1465.94
1902.05
1653.93
1230.74
1690.23
1441.43
1344.81
1335.44
1823.36
1467.58
1653.71
1730.2
1112.99
1923.79
1615.96
1839.11
1962.05
1234.34
1380.16
1593.11
1185.43
1703.64
1709.1
1844.49
1526.08
1716.78
2013.4
696.6
1265.57
684.2
1749.18
1464.87
1588.75
1398.0
756.53
1380.16
1360.24
1460.93
1189.26
1814.62
1907.45
1265.47
1974.95
1080.0
1586.36
1052.57
1622.91
1217.37
1146.91
1613.28
1354.76
1206.52
634.63
1443.05
1486.98
1505.23
1799.3
1698.0
1500.86
1751.07
1627.82
1505.45
1567.33
1393.24
1244.63
1376.41
1940.45
1055.44
953.75
1924.7
744.3
1732.06
1588.24
1415.88
1364.84
1760.4
1253.64
1861.61
1838.35
952.48
1728.96
1190.01
631.97
1353.41
793.61
1839.95
1850.3
1524.23
1481.14
1639.15
312.56
1627.3
1150.73
963.76
1695.17
1080.82
743.5
1783.74
953.31
1344.73
1699.01
835.82
1499.74
663.26
730.02
1388.9
1597.71
1167.91
1615.57
1669.29
1139.97
1951.85
1690.06
1593.48
1288.38
1441.63
1416.78
610.38
1692.53
1863.07
818.01
713.8
1004.55
1651.13
1828.3
1132.15
1911.62
1284.07
1122.51
1946.48
1080.0
1914.18
774.85
1363.58
1595.58
860.86
1919.24
1293.26
1185.83
1794.74
1290.47
934.22
1790.57
1985.34
1573.22
1652.46
1182.22
1080.0
1349.08
1649.14
1333.07
1904.32
1189.91
1251.11
1225.78
757.01
1779.77
1651.94
1453.96
1415.54
1861.0
2149.65
798.39
1771.6
1726.25
806.24
311.32
1575.51
1279.64
1329.28
1109.76
768.31
1630.69
1707.99
1530.46
1695.91
1765.95
1472.5
981.33
1547.97
1008.69
1153.92
1215.17
1135.11
1136.14
780.81
952.16
1743.23
2021.77
1760.28
1879.29
1209.81
1717.44
1648.55
1401.19
1339.95
1977.49
1232.41
1736.49
1686.9
2054.52
1486.38
1361.56
1341.75
1938.79
1018.85
860.7
1434.68
1605.82
994.4
1009.47
1283.88
1239.86
1733.29
1427.02
1287.0
1841.35
1459.12
1607.77
338.22
371.73
1943.81
1703.83
991.01
1848.45
841.85
1073.08
728.97
1626.53
1214.68
1951.57
915.97
1450.86
1426.1
795.45
1834.59
1197.16
623.13
1310.31
1760.58
1653.31
1270.73
1882.54
1578.18
690.4
1867.67
2020.34
1427.76
2038.08
1313.74
2163.67
1195.48
1822.88
829.79
1437.96
774.62
1125.71
1055.07
1448.09
1397.86
1404.57
687.69
964.68
1476.63
1181.66
1942.31
1882.87
1594.6
771.61
1314.9
1033.84
927.49
1559.87
829.76
1476.75
1390.73
1416.41
1522.27
1717.37
1019.67
924.88
1859.89
1354.71
1941.78
849.37
938.08
1832.82
1070.9
1300.26
1727.45
1648.03
1277.08
207.93
1852.07
1329.84
1973.93
1334.53
1558.46
1309.18
1908.74
1747.45
1711.95
1604.38
1877.68
779.84
1870.49
1504.49
1543.32
1733.98
1805.07
1444.14
1297.66
1757.35
1744.59
1195.04
1773.29
1326.74
863.18
807.72
1447.61
1935.22
1178.22
939.53
1688.46
853.95
1609.33
1303.26
1118.03
1558.22
1501.51
1395.75
1019.14
1651.58
1166.42
1148.6
1154.25
1539.0
1526.38
1519.82
1252.39
1379.03
866.79
1797.69
1317.9
1628.24
1098.84
2127.97
1892.31
1265.72
1843.74
1233.88
1780.39
1513.52
1255.44
1405.83
1596.33
1358.12
1080.0
1295.27
1446.43
980.48
1974.9
1295.97
1726.02
1075.53
1455.55
1243.59
1900.62
1516.57
1888.34
1589.72
1489.55
1917.44
960.69
1689.37
864.95
1392.7
1080.59
1272.03
1173.98
1916.66
1747.19
1563.45
1170.24
895.94
1609.97
2058.93
1780.67
651.58
1227.58
1080.0
1565.59
1494.61
1410.16
1618.03
1474.09
741.05
1550.0
1752.1
1565.21
1687.42
1077.25
1855.66
1743.25
1129.2
582.29
2125.23
1111.99
1700.89
1773.28
1243.79
1977.59
1216.01
1748.61
1775.86
564.48
1289.37
742.6
1751.2
796.41
951.23
1894.06
1963.69
820.58
1429.04
1579.29
1897.99
1814.52
284.84
1627.62
1087.91
1877.13
1201.56
2066.41
1998.87
2028.52
1453.59
1671.89
1223.53
1487.26
662.16
1299.25
1541.95
949.07
1070.89
1729.86
1342.4
1752.3
339.46
1728.06
1765.56
968.12
1107.79
762.45
1531.04
1246.72
1174.37
1265.25
1096.58
1573.44
1474.13
1057.07
1352.95
1611.47
1341.36
1574.25
1284.29
1808.43
1867.63
1075.65
1268.51
1093.17
1614.07
858.46
676.72
1255.84
935.15
1760.64
1303.89
851.65
1872.36
1248.93
1937.83
1298.66
1169.82
1319.61
805.1
1321.64
1315.25
1411.1
1880.47
824.53
1311.39
1488.98
1711.64
609.41
1334.2
1353.51
876.31
1968.87
1820.64
1171.75
1322.43
1378.72
1622.33
1651.34
1379.99
1299.85
822.9
2042.73
1221.2
2058.71
1162.27
778.0
1913.99
1387.33
1493.59
1046.15
1404.19
1506.4
1254.4
1266.05
858.24
1320.92
1334.46
1335.83
1504.47
749.37
1423.96
967.05
1332.5
1556.67
1693.69
1943.37
1612.34
1189.99
1865.42
958.29
1347.08
1170.5
1854.65
1121.14
1214.15
1594.54
1630.89
1735.78
1218.38
1204.18
2077.67
1783.33
1730.95
1354.4
1840.78
1803.53
1911.18
1583.55
1360.88
1585.38
1837.01
1483.23
1192.56
1421.79
1482.79
1389.54
725.56
1046.41
1849.92
1340.05
1518.81
1892.3
1727.43
1574.24
871.19
1600.32
1857.69
436.31
1523.12
1384.39
1603.27
1684.24
1111.92
1383.43
760.99
1080.0
1290.46
1517.59
1866.65
1980.72
1711.75
1202.49
1724.27
1683.73
1821.41
864.08
1754.93
736.26
911.52
1121.04
1424.92
1041.92
1612.33
1174.11
1604.63
1607.48
1814.53
1415.89
1380.9
1669.53
1323.64
1606.45
1916.25
1725.88
1072.09
1279.71
1773.38
1277.55
1415.79
987.17
890.46
1502.06
1723.37
959.2
825.25
1152.15
1803.53
1399.8
1325.89
982.15
1838.96
1539.96
1592.29
1631.96
1401.59
1471.07
743.44
1310.22
819.33
894.19
1803.83
1947.54
1273.21
1936.87
844.42
1157.23
1051.61
876.44
1158.8
1274.38
1558.7
1446.37
792.69
1560.95
1818.08
1501.04
1262.98
1687.84
1391.3
1928.77
1226.39
905.16
1374.33
1758.51
1347.15
1162.63
1307.05
1209.81
543.33
1638.51
1616.38
897.2
1178.17
1185.77
972.11
1624.69
1561.44
1451.9
1128.03
1713.63
1643.43
1763.41
1789.71
1473.55
1491.72
1701.96
1792.82
1476.5
1740.06
1795.11
1600.11
1729.7
1160.56
1474.22
1237.49
1066.66
1752.94
1291.07
1277.47
1688.1
662.45
1976.57
1181.3
993.7
947.4
1921.07
1578.52
1512.01
1779.4
1411.3
1377.86
876.68
1421.63
943.19
1503.72
1764.92
1083.18
1420.59
1489.24
1088.19
1241.03
844.2
1498.26
1846.23
905.97
1175.19
668.73
1621.51
611.89
1120.05
924.8
1363.58
1613.49
1994.53
2086.25
1377.49
1987.31
871.59
1045.79
1889.32
1560.39
1312.0
1441.15
1517.73
1221.13
1869.49
1487.07
1007.8
2095.14
2054.89
1996.58
1651.96
1599.57
1080.0
1561.95
1217.94
1493.48
1506.29
1017.75
556.32
1852.84
1304.85
825.71
1577.52
1611.2
1195.4
1601.84
1920.01
1003.45
797.96
1464.88
1803.32
783.04
705.35
621.03
1760.57
1627.99
1348.38
1849.27
1301.56
1917.26
1600.67
1341.78
1588.52
1919.35
1277.93
1286.27
1596.38
826.03
663.3
1539.02
1609.41
1463.71
1590.43
957.85
1800.73
1804.6
1574.19
1918.98
1660.93
1777.96
1436.71
2146.36
1830.9
1105.15
801.16
802.65
1776.5
1127.32
1681.14
1681.58
1496.52
953.1
1412.65
1445.98
1376.9
873.97
1246.27
1776.78
784.85
1719.08
1112.69
1654.96
1512.85
1237.28
769.76
1463.11
1305.61
1499.94
1498.16
1226.35
1773.99
1287.49
1560.29
1412.88
1756.91
979.61
1726.47
1694.57
1557.44
576.69
714.98
1827.54
888.29
865.82
1590.45
829.73
1592.36
1742.62
1472.32
1800.2
1699.09
1579.38
1871.52
1788.5
1203.8
1453.07
1499.26
1413.53
1107.89
1140.05
1523.53
1273.79
1246.41
1675.66
1660.97
1490.44
1520.91
1743.01
751.98
811.88
1729.3
1546.88
1388.84
1760.1
1645.66
1218.03
1082.51
1657.29
1385.43
1028.4
1879.81
1417.38
1856.44
1669.76
1853.58
1158.69
1465.59
1808.07
1755.48
2071.89
1043.1
644.93
1320.76
1419.34
938.54
794.59
1811.86
1125.61
1811.31
1317.01
1781.67
1856.96
1775.82
846.17
1494.48
1711.76
1028.18
702.65
620.24
1221.0
1724.22
1777.04
738.77
1327.2
1373.78
1671.36
1560.61
1930.75
1952.49
1859.34
1481.87
1965.05
1030.59
1211.85
380.07
1762.35
1497.86
1315.31
1524.09
1740.99
2107.84
1810.67
1717.93
1495.01
1403.79
1490.81
1591.46
2008.42
1906.48
1448.87
850.31
1642.82
1219.22
1160.77
1388.25
1410.51
1841.41
1159.44
1007.32
1256.21
362.44
1556.74
1597.32
1673.84
1420.33
1236.26
1163.06
1305.08
1043.69
1080.0
1562.76
906.82
1621.29
952.87
1850.93
971.43
1708.71
1845.58
1662.77
1631.44
1842.95
1378.97
2077.34
1080.0
1283.78
2143.24
1065.9
1184.56
1356.74
1515.79
375.5
1451.95
1479.23
1348.29
1858.6
1878.94
741.8
1505.69
475.45
1594.74
1411.06
1651.54
1481.81
1782.11
1911.45
503.4
734.92
1220.78
1284.77
1143.93
1253.43
989.31
1749.22
884.93
1834.28
1531.39
776.91
867.78
1212.86
1702.45
1781.05
752.41
1647.02
1587.64
1159.93
561.43
793.33
1529.17
1254.83
1071.49
1491.21
858.26
1588.11
483.27
1258.08
1761.89
1583.71
2014.86
1649.83
1417.51
914.46
1706.46
762.71
1613.1
1171.7
1639.81
1325.85
1226.36
1404.06
1558.41
1578.81
1529.61
1892.06
1810.67
1847.08
837.8
1845.59
1321.84
1635.24
1922.52
1689.68
1754.52
849.45
1250.55
1335.46
1874.61
1631.32
1563.84
1744.41
851.71
1594.43
1665.75
1861.91
1132.42
1071.6
892.09
1434.86
2150.8
1079.48
1732.23
1623.35
1228.72
675.39
1753.85
857.62
1476.18
599.01
1141.51
1145.25
1294.19
1882.65
2005.72
823.41
1725.17
935.68
661.7
1351.78
1215.48
672.2
1498.03
1762.68
1153.63
1512.77
1189.12
1347.14
1463.78
1512.44
1187.85
1223.41
1303.66
452.24
621.39
1600.05
1215.83
1182.32
1099.81
1369.33
1448.33
885.2
1726.19
843.83
878.02
1419.14
1556.94
1615.84
1073.57
1564.51
1701.83
1685.26
1464.02
1824.21
1357.35
1693.6
1785.97
1038.06
1702.77
1516.35
1836.07
1376.38
1228.6
1764.47
1366.84
1786.26
1861.93
1903.44
1828.54
1639.64
1261.68
1599.68
1759.68
1162.45
1097.14
1077.49
1568.6
1939.22
1872.03
1967.49
1355.45
1080.0
1417.72
1735.15
1688.7
1732.15
636.13
1361.05
390.55
1408.84
2011.21
1477.82
1593.32
981.22
835.21
1697.22
1395.3
1304.58
1501.3
1334.5
1918.41
1648.05
744.93
1222.97
1715.24
1281.73
1307.05
1487.71
1560.95
1120.85
715.81
407.28
1814.19
858.89
1766.16
1874.83
1595.25
1570.0
2064.79
844.09
1316.02
1405.49
1376.93
1281.43
831.4
1776.2
1596.13
1483.6
546.41
1140.98
1597.72
1566.13
965.0
1963.88
879.91
813.33
1433.12
1262.3
1869.3
1007.7
1172.12
1585.19
2024.86
1831.88
1358.66
1140.27
653.07
1713.29
1357.29
1684.87
1080.0
1708.04
1723.1
1720.95
1566.89
1786.89
924.35
740.34
1492.6
1706.35
1632.86
1344.48
1219.97
1445.02
961.11
936.71
1964.67
1024.02
1365.94
1435.16
958.87
1120.24
1583.57
1894.98
1202.93
586.33
1514.02
1056.76
1643.36
1524.34
1272.59
1772.59
1533.21
1624.47
1884.57
1412.92
937.7
1543.75
2130.17
1209.51
1570.51
1432.52
1131.68
1274.84
1462.57
1147.54
1583.72
851.13
1457.22
1000.04
1219.98
1437.79
715.13
1420.4
1934.52
887.22
2120.85
873.87
1111.7
955.83
1676.37
1792.45
1388.29
1495.47
1231.74
993.69
795.2
1845.15
1226.39
1837.84
1672.09
1683.74
1094.26
1458.3
1351.76
1843.26
1134.79
1373.47
1713.07
741.87
1839.09
1859.55
1909.48
1830.28
1821.43
1120.16
1726.58
308.57
1408.94
1133.1
1363.43
888.88
2106.7
1316.41
1387.73
941.3
1948.0
1048.02
166.63
975.51
942.96
1918.48
1963.86
1813.22
1695.78
1969.6
1223.29
1560.07
982.32
1236.98
1485.4
1002.56
851.04
1775.44
1161.42
734.51
1445.09
1680.64
1379.85
1682.27
1784.11
1177.55
1933.09
1642.54
1511.78
1685.86
1305.13
1198.95
792.01
1257.12
603.56
1609.09
1608.34
1782.75
1481.27
1239.86
1316.02
1297.78
600.17
1864.94
1787.3
1463.74
1816.76
1563.96
1263.82
2024.86
810.16
1168.4
900.13
1620.12
1390.38
960.87
1215.12
1833.45
1798.39
1619.18
1319.8
823.47
2069.37
845.59
1447.14
1599.21
1222.58
1509.96
1321.47
1470.7
1167.69
912.92
1940.03
1600.13
710.96
1854.74
1378.19
1725.25
612.18
1847.36
1360.53
584.92
1133.32
1432.24
338.21
1380.11
1257.55
1423.36
1665.24
1486.95
1288.06
1716.34
2103.26
674.42
1594.3
762.59
1620.82
1422.08
1159.05
1926.47
1630.41
1856.58
1494.36
1352.92
1904.77
1058.37
1736.56
1439.86
1290.52
1226.8
1755.83
428.29
1108.93
1016.43
1002.18
1729.2
741.37
963.49
1875.87
1513.44
1226.18
468.48
1281.23
1124.03
984.46
1170.15
859.07
1623.69
1686.55
1882.77
1364.95
1707.48
890.75
1568.65
1704.88
1589.63
1595.42
2055.07
1214.78
1270.38
1377.7
1219.72
1963.49
1778.65
1490.11
1035.5
1877.2
767.35
1467.52
837.78
1906.32
1383.84
1241.67
1609.84
1617.04
2067.0
1582.59
741.02
1591.5
1679.45
1308.8
1112.91
1509.87
1593.38
1291.3
925.8
1855.66
1562.14
1400.14
2001.6
1912.73
1670.82
1302.31
1505.61
1626.75
1352.8
734.92
1579.71
1787.18
1306.76
1302.61
1753.17
670.32
548.01
721.15
1785.81
1347.43
